Document 1 filtered vectors:
Word: sudicideAnyone, Vector: [ 0.002474   -0.01759539 -0.00451605  0.01417951  0.00885137 -0.00571449
  0.01829503  0.01774229 -0.01405771  0.00655984 -0.00356776 -0.01339354
  0.00443956  0.01441349 -0.00961803 -0.00741624  0.00174642  0.00540193
  0.00240641 -0.02522913  0.01084735 -0.01817892  0.00140165 -0.0023127
  0.01533823 -0.00517062 -0.01060603 -0.01266907 -0.01654737  0.00708637
  0.01425345  0.00862471  0.00427168  0.00362755 -0.00241697  0.00793894
  0.00466837 -0.01438736 -0.00713288 -0.02562386 -0.01022858 -0.00273671
 -0.00440973  0.00928202  0.02683935 -0.00882805  0.0006827  -0.01085234
  0.00849166  0.01191339  0.00255794 -0.00575281 -0.00593523 -0.0106184
  0.00560977 -0.00937958 -0.00470209 -0.00302015 -0.0271062  -0.00268571
 -0.01852254 -0.01014947  0.01039178 -0.01460333 -0.04120547 -0.00268671
  0.00029564  0.03226647 -0.03126438  0.02708787 -0.00440786  0.01406859
  0.0179648   0.00063132  0.00382228  0.0094278   0.01291676 -0.01450665
 -0.02126291  0.00698865 -0.00714445 -0.01097406 -0.00926102  0.03431881
 -0.01664307 -0.00588294 -0.00084885  0.01952363 -0.00289091 -0.0050374
  0.01931324  0.01726668  0.00529893  0.01114195  0.02661586  0.01963816
  0.00917441  0.00604177  0.02148145  0.01415141 -0.01579504  0.02392316
  0.00379423 -0.00092599 -0.01064646 -0.02112297 -0.00121166  0.0172786
 -0.0189138  -0.01522239 -0.00117146 -0.01090431 -0.00481976 -0.01358175
  0.00533449 -0.01180652  0.02401592 -0.03723839 -0.01097516 -0.02799828
  0.00256584  0.02173442  0.01345266 -0.00454441 -0.01912209  0.00145872
 -0.01385165  0.00492035 -0.01796544  0.00373217  0.00639976 -0.00089181
 -0.01633066 -0.01003038 -0.00680058  0.01922961  0.00037083 -0.01518597
 -0.00913144 -0.00463404  0.01259877 -0.01597668 -0.00838483 -0.00434855
  0.00350505 -0.00207707 -0.00805382  0.01077024  0.00573453 -0.00152389
  0.01444851 -0.00871589 -0.00253785  0.01259201 -0.02306978  0.01880703
  0.02037367  0.01643448  0.0038798   0.0086687   0.00117883  0.00953523
  0.00144893 -0.00694821 -0.00699024  0.01455296  0.00991613 -0.00593706
 -0.00976134  0.00291418 -0.00690474  0.00336261  0.00608705 -0.00403306
  0.00242662  0.00377104 -0.01565776  0.01378128 -0.00646799  0.01386494
 -0.01031837 -0.0044096  -0.00591204  0.00364324  0.01735203  0.01627111
 -0.00115573  0.00811102  0.02062112 -0.01364801  0.00846468  0.0204614
 -0.01084288 -0.01390292  0.02048902  0.00554603  0.01662344 -0.01935179
  0.00119058 -0.00482946]
Word: SimpleSuicide, Vector: [ 1.40871690e-03 -1.81618091e-02 -1.74703344e-03  1.21117225e-02
  1.02319317e-02 -4.38494142e-03  2.28113700e-02  1.79626457e-02
 -1.37730781e-02  7.52375135e-03  1.81427153e-04 -1.06454855e-02
  4.10663662e-03  1.43639948e-02 -1.18837617e-02 -7.23113026e-03
  1.24135497e-03  1.75115617e-03  4.23932960e-03 -2.44589169e-02
  9.87892132e-03 -1.84160471e-02  3.04740563e-04  1.44250575e-03
  1.83771402e-02 -5.74174291e-03 -9.41700581e-03 -1.31556103e-02
 -1.68138798e-02  8.45433772e-03  1.25635779e-02  1.18953818e-02
  1.00478409e-02  2.95225857e-03 -1.82706187e-03  1.25084985e-02
  5.18466160e-03 -1.13363070e-02 -4.21304628e-03 -2.68584527e-02
 -1.26685174e-02 -3.05749336e-03 -7.45319948e-03  1.26329483e-02
  2.38131844e-02 -8.89999233e-03 -1.09425234e-03 -1.32068982e-02
  7.56155513e-03  1.64164938e-02  4.63476358e-03 -2.48316629e-03
 -4.31760680e-03 -1.24820024e-02  5.64215472e-03 -1.05535062e-02
 -4.36370494e-03 -1.79026520e-03 -3.31245549e-02 -5.99561026e-04
 -1.93999168e-02 -1.70138292e-02  9.95518919e-03 -1.52266640e-02
 -4.54086624e-02 -5.97595982e-03  1.21861976e-03  3.86447422e-02
 -3.23581621e-02  3.07225231e-02 -2.89748772e-03  1.28677012e-02
  2.16990039e-02 -1.18701358e-03  4.05535754e-03  6.87597832e-03
  1.45966988e-02 -2.07027812e-02 -2.52209026e-02  8.19756463e-03
 -8.66059959e-03 -1.25907529e-02 -1.26158930e-02  3.80795188e-02
 -1.75668318e-02 -1.08904224e-02 -1.26595353e-03  2.18831431e-02
 -1.93570321e-03 -2.27020704e-03  2.32687071e-02  1.96420979e-02
  6.45434391e-03  1.05966590e-02  3.13253291e-02  1.90656353e-02
  6.57574646e-03  1.87966367e-03  2.14383211e-02  1.30346790e-02
 -1.41834533e-02  2.27389969e-02  4.96808579e-03 -1.46647019e-03
 -7.49731576e-03 -2.34144516e-02 -3.00208852e-03  1.98622271e-02
 -1.90884229e-02 -1.83850154e-02 -1.84895855e-03 -1.30564244e-02
 -6.43393071e-03 -1.32013457e-02  5.30365668e-03 -1.36773279e-02
  2.61049978e-02 -3.70115116e-02 -9.20750573e-03 -3.46435159e-02
  6.99302461e-03  2.43945010e-02  1.43114999e-02 -1.80377462e-03
 -1.94866620e-02  2.57339585e-03 -1.89977046e-02  6.73501054e-03
 -1.73242018e-02  6.03501045e-04  7.09783658e-03  2.17030710e-03
 -1.44772613e-02 -8.62838514e-03 -7.61465915e-03  1.95539985e-02
 -2.37545511e-03 -1.29776672e-02 -1.27455322e-02 -4.29525925e-03
  1.46218687e-02 -1.45486677e-02 -6.29726332e-03 -3.79713159e-03
  2.29633087e-03 -4.30976460e-03 -6.29867800e-03  1.13881640e-02
  4.70395060e-03 -4.66511305e-03  1.26997503e-02 -1.34852445e-02
 -4.85817390e-03  1.35367410e-02 -3.07146069e-02  2.35665292e-02
  2.11879946e-02  1.89524665e-02  1.68450444e-03  8.57504178e-03
  5.19556052e-04  8.25259462e-03 -2.22937488e-05 -4.49248264e-03
 -8.73163808e-03  2.04358809e-02  1.27500854e-02 -5.22806635e-03
 -1.23899868e-02  3.86593700e-03 -3.36860283e-03  2.81465985e-03
  9.19684209e-03 -1.55992585e-03  1.28350104e-03  9.35331173e-03
 -1.94139164e-02  1.81642305e-02 -1.13345813e-02  1.47284549e-02
 -6.39631599e-03 -4.93290718e-04 -5.24632121e-03  4.59238421e-03
  1.70088224e-02  1.84376389e-02 -2.73799943e-03  1.19652813e-02
  2.14781817e-02 -1.15689207e-02  5.86454384e-03  1.99097469e-02
 -1.55229699e-02 -1.61645412e-02  2.43672151e-02  7.90275633e-03
  1.92413609e-02 -1.97988432e-02  6.13533240e-03 -5.90009475e-03]
Document 2 filtered vectors:
Word: map, Vector: [ 0.00178055 -0.06313052 -0.01433561  0.05199217  0.02323734 -0.01840252
  0.07811137  0.06199431 -0.05999533  0.02142788 -0.0031976  -0.04134493
  0.02026633  0.05398577 -0.04148372 -0.01842444  0.01094759  0.0089496
  0.01413514 -0.08322793  0.03209267 -0.05784349  0.01205191 -0.00162134
  0.06458567 -0.02439208 -0.03739022 -0.04646048 -0.05479367  0.03743578
  0.04492484  0.04310422  0.01983988  0.01520529 -0.01443838  0.03875628
  0.01761997 -0.04407882 -0.02645885 -0.10673887 -0.03512608 -0.02220043
 -0.01733529  0.04782812  0.08267619 -0.03983632 -0.00501241 -0.05313676
  0.02373403  0.05151143  0.01633191 -0.01745262 -0.02554774 -0.04192265
  0.01317414 -0.03323999 -0.01543354 -0.00971197 -0.11425272 -0.00943857
 -0.06518413 -0.05007847  0.03281    -0.06768497 -0.15517303 -0.01071697
  0.01223761  0.12867019 -0.11512599  0.10935092 -0.00463933  0.04817247
  0.06185939  0.00058296  0.02708676  0.03453042  0.05001902 -0.06162388
 -0.08734056  0.02000969 -0.02486866 -0.03659579 -0.02904929  0.12773429
 -0.06730367 -0.02295736 -0.00149372  0.07651532 -0.00646362 -0.01189597
  0.08246193  0.06545977  0.02727074  0.03745272  0.09562325  0.06576544
  0.0252182   0.01086699  0.08562884  0.04677669 -0.05681043  0.09297968
  0.01451537  0.00388748 -0.03561848 -0.07636348 -0.00988922  0.06631589
 -0.07999022 -0.05910539  0.00246235 -0.053612   -0.02451715 -0.04331258
  0.0116117  -0.04075292  0.0872777  -0.14102085 -0.03692108 -0.11610772
  0.01559077  0.07459165  0.04823548 -0.01712633 -0.06458955  0.01000269
 -0.06498422  0.02764127 -0.07195861  0.00938976  0.02591768  0.00242521
 -0.0569201  -0.04333863 -0.03203739  0.07441776 -0.01193261 -0.05075998
 -0.03706688 -0.02278736  0.04802257 -0.06140026 -0.02470467 -0.00752005
  0.01049122 -0.00906388 -0.02128567  0.03026172  0.02291688 -0.00802912
  0.05141486 -0.04310808 -0.01956343  0.04530453 -0.0942242   0.07900721
  0.076717    0.06152394  0.00818408  0.03801148  0.00369377  0.0243254
  0.0075323  -0.02254331 -0.02446579  0.06210032  0.04606114 -0.00892388
 -0.04291206  0.01374405 -0.01579944  0.00635673  0.02764919 -0.00084719
  0.00991556  0.02507087 -0.05907415  0.05337381 -0.02985102  0.04187645
 -0.02717827 -0.01204857 -0.02344738  0.00792672  0.06405448  0.07076682
 -0.0082093   0.0273813   0.07203607 -0.04840896  0.02849767  0.0715992
 -0.04862086 -0.05283918  0.07943985  0.02227086  0.06530534 -0.07165939
  0.01267363 -0.02877045]
Word: key, Vector: [ 0.00821387 -0.07678034 -0.01734291  0.06143294  0.03303898 -0.02320524
  0.09826208  0.07484953 -0.07016167  0.02404368 -0.00357227 -0.05486374
  0.02720383  0.06866543 -0.04907843 -0.02503256  0.01434801  0.00856789
  0.01812076 -0.10180069  0.03891285 -0.07459919  0.01254042 -0.0002983
  0.08107179 -0.03608293 -0.03942938 -0.06105142 -0.07068231  0.05016156
  0.05319463  0.05186371  0.02545693  0.01924971 -0.01468208  0.05217629
  0.02625595 -0.05497294 -0.0283521  -0.1347665  -0.04147897 -0.02271198
 -0.02745081  0.05669406  0.10167391 -0.04493438 -0.00259709 -0.06589925
  0.02724247  0.06072064  0.02157905 -0.02266667 -0.03504152 -0.04989599
  0.01876621 -0.03733444 -0.0180256  -0.01216077 -0.14340706 -0.00597984
 -0.076349   -0.05910968  0.04638203 -0.08308358 -0.19309212 -0.01421109
  0.01642885  0.1549793  -0.14109716  0.13738315 -0.00179368  0.06183438
  0.07503886  0.00386757  0.03562242  0.0363196   0.0661338  -0.08027484
 -0.10844807  0.02610858 -0.02596987 -0.04516184 -0.03597859  0.15718997
 -0.08494154 -0.03134861 -0.00410403  0.09557613 -0.00301419 -0.01479624
  0.10443082  0.07833286  0.03663155  0.04251534  0.11839127  0.07692177
  0.03309881  0.01918342  0.10253759  0.06509646 -0.0727298   0.11592729
  0.0239258   0.00279465 -0.04541007 -0.09240805 -0.00716415  0.07598386
 -0.09658494 -0.07821966  0.00041539 -0.0707007  -0.03281766 -0.05613113
  0.01188886 -0.05420111  0.10445169 -0.17366083 -0.04912506 -0.1464698
  0.01823409  0.09757589  0.06111479 -0.01540833 -0.08157207  0.00810781
 -0.07823096  0.03827834 -0.0880429   0.01001265  0.03493326  0.00587853
 -0.07187171 -0.04812549 -0.03863199  0.09490836 -0.00999639 -0.06581127
 -0.04617278 -0.02756323  0.05774924 -0.07550973 -0.02705148 -0.01595655
  0.01007725 -0.01669183 -0.02428046  0.03900089  0.02712559 -0.00780019
  0.06228202 -0.05945531 -0.02800761  0.05847456 -0.1182463   0.09998656
  0.09816746  0.07654747  0.01384848  0.0509689  -0.00205398  0.02813542
  0.01462209 -0.0282867  -0.03295157  0.07125224  0.05713796 -0.01004661
 -0.05028716  0.01897075 -0.02061612  0.01362605  0.03911815 -0.00323683
  0.01231791  0.02954339 -0.06955939  0.06667442 -0.03577813  0.04834291
 -0.03254719 -0.01342998 -0.02913153  0.00938187  0.07426511  0.09202366
 -0.01379582  0.03546184  0.09015491 -0.06061639  0.02888619  0.0869577
 -0.06440114 -0.07122421  0.1011452   0.02376495  0.07681827 -0.08996717
  0.01976426 -0.03012323]
Document 3 filtered vectors:
Word: callee, Vector: [-2.50265759e-04 -4.31357063e-02 -1.05154598e-02  3.39329429e-02
  1.88911818e-02 -1.70245301e-02  5.19830883e-02  4.24288437e-02
 -4.16574553e-02  1.00092627e-02 -5.61052049e-03 -3.14984731e-02
  1.60295852e-02  3.64967510e-02 -2.86586750e-02 -1.52173536e-02
  1.03570363e-02  9.93196387e-03  7.07059260e-03 -6.04344346e-02
  2.18498353e-02 -4.20604572e-02  7.85464887e-03 -3.06907576e-03
  3.90032157e-02 -1.58026572e-02 -2.31709331e-02 -2.76167374e-02
 -3.96456905e-02  2.23207138e-02  3.59439440e-02  2.91533452e-02
  1.58715490e-02  1.54131213e-02 -8.18146486e-03  2.29424927e-02
  1.59437880e-02 -3.23807970e-02 -1.81801710e-02 -6.88505843e-02
 -2.17365213e-02 -1.39802014e-02 -1.03822798e-02  3.21013108e-02
  6.61735535e-02 -2.32886113e-02 -4.14396782e-05 -3.92914973e-02
  1.93020012e-02  3.28091197e-02  1.09756486e-02 -8.36716127e-03
 -1.87917296e-02 -2.55126785e-02  1.26758525e-02 -1.96856502e-02
 -1.63989719e-02 -3.64681403e-03 -7.81841874e-02 -7.94575270e-03
 -4.31578457e-02 -3.66454422e-02  2.77393367e-02 -4.57244590e-02
 -1.09975308e-01 -1.10015785e-02  7.44727580e-03  8.81070644e-02
 -7.92561248e-02  8.03960860e-02 -6.48096250e-03  3.32741626e-02
  4.99212146e-02 -1.72702188e-03  1.90465394e-02  2.24659052e-02
  3.44229378e-02 -4.25170884e-02 -5.93043491e-02  1.70971863e-02
 -1.37736145e-02 -2.64171958e-02 -2.51354408e-02  8.37766156e-02
 -4.61267866e-02 -2.08010711e-02 -2.70783505e-03  4.70868833e-02
 -2.62836833e-03 -1.45925870e-02  5.94868362e-02  4.37439196e-02
  1.95499528e-02  2.27896795e-02  6.81676343e-02  4.47687432e-02
  1.64292771e-02  1.16209723e-02  5.70389703e-02  3.66082825e-02
 -3.81552130e-02  5.93652427e-02  1.14375791e-02 -3.36877955e-03
 -2.75379047e-02 -5.23935147e-02 -8.69364757e-03  4.42434251e-02
 -5.22398464e-02 -4.01701033e-02 -1.03303359e-03 -3.77092771e-02
 -1.85252000e-02 -3.23789380e-02  9.12185945e-03 -2.57174578e-02
  6.07339181e-02 -9.70163196e-02 -2.74079889e-02 -8.26785862e-02
  1.31834382e-02  5.06786592e-02  3.04269288e-02 -1.04894778e-02
 -4.55171876e-02  8.00079782e-04 -4.66269813e-02  2.23690402e-02
 -4.57830168e-02  6.11816579e-03  1.83207337e-02  6.45708339e-03
 -3.73148806e-02 -3.02494261e-02 -2.46413108e-02  5.11061773e-02
 -3.86879011e-03 -4.00325134e-02 -2.21283939e-02 -1.63222644e-02
  3.21512744e-02 -4.16008867e-02 -1.78317390e-02 -7.28869298e-03
  3.78421391e-03 -9.49068461e-03 -1.25730354e-02  2.17346847e-02
  1.31509723e-02 -8.42065271e-03  3.72921638e-02 -3.39144468e-02
 -1.25619266e-02  2.79235449e-02 -6.42491132e-02  5.71995080e-02
  5.81674092e-02  4.03637588e-02  6.40016003e-03  2.37137955e-02
 -2.89324694e-03  2.18866877e-02  4.16357722e-03 -1.15694860e-02
 -2.31420789e-02  4.49640527e-02  3.23810205e-02 -1.03096552e-02
 -3.03117409e-02  8.35115928e-03 -1.52530503e-02  6.29960280e-03
  1.75976269e-02 -4.63475985e-03  7.40744872e-03  1.89762209e-02
 -4.24900465e-02  4.39332053e-02 -1.74862295e-02  2.64130756e-02
 -2.13236883e-02 -7.74519145e-03 -1.62219200e-02  1.12312017e-02
  4.49928045e-02  5.00564203e-02 -8.69712699e-03  1.97993349e-02
  5.26225790e-02 -3.16626392e-02  1.89198088e-02  5.44769354e-02
 -3.02412882e-02 -4.00485620e-02  5.70777692e-02  1.35706943e-02
  4.98909019e-02 -4.78931628e-02  1.28361881e-02 -1.90113001e-02]
Document 4 filtered vectors:
Word: balances, Vector: [ 0.00059347 -0.06433421 -0.01891755  0.05315461  0.01853187 -0.01917717
  0.07205274  0.05960126 -0.05854514  0.02136079 -0.0110494  -0.04687433
  0.01503859  0.05375794 -0.0475923  -0.03249435  0.00755179  0.01615963
  0.01809985 -0.08376847  0.0412264  -0.06570804  0.01340123  0.00734736
  0.05809772 -0.02575612 -0.03142625 -0.03880094 -0.05168856  0.0396218
  0.04861541  0.04456027  0.03119884  0.01686772 -0.01159158  0.03709949
  0.0207998  -0.03539997 -0.0243094  -0.1044806  -0.03557336 -0.01836543
 -0.01764259  0.04543895  0.08522706 -0.03379428  0.00199643 -0.05899613
  0.02433888  0.0525038   0.01373218 -0.01146368 -0.01659515 -0.0503121
  0.01404355 -0.03094677 -0.02321128 -0.01385801 -0.12114418 -0.00600068
 -0.06132429 -0.04789728  0.03383567 -0.06963165 -0.15769298 -0.01583641
  0.01693792  0.13040242 -0.12067828  0.11990102 -0.00718391  0.04627328
  0.06023702  0.00182394  0.02276672  0.03489616  0.05362288 -0.05533154
 -0.08140258  0.01867107 -0.02733411 -0.03915705 -0.02296795  0.11691694
 -0.07229873 -0.03006087  0.00389646  0.06349441 -0.00699771 -0.01493066
  0.07651277  0.05246311  0.0263619   0.03581315  0.09827363  0.06527659
  0.0242089   0.00765767  0.07690816  0.05776735 -0.05924212  0.09201121
  0.00987659 -0.0046341  -0.0423036  -0.07982133 -0.01295014  0.06047086
 -0.08390632 -0.06964031  0.00756593 -0.0564011  -0.03645249 -0.04622349
  0.01330634 -0.04323535  0.09319704 -0.14671358 -0.03562489 -0.10900595
  0.01749117  0.07658318  0.05621555 -0.01188601 -0.06700403  0.01309886
 -0.06584632  0.02696223 -0.06415725  0.00499161  0.01784386 -0.0008526
 -0.05610223 -0.03756452 -0.0311437   0.07740116 -0.00946355 -0.04796752
 -0.03408604 -0.01941349  0.0482231  -0.06153043 -0.02237664 -0.00998796
  0.00730484 -0.01004483 -0.0152696   0.02846757  0.01759419 -0.00435577
  0.04412638 -0.04266171 -0.01067728  0.05078237 -0.08775249  0.07584131
  0.0779631   0.0563653   0.00544705  0.03371756  0.0036519   0.02136544
  0.00148589 -0.01634266 -0.02336528  0.06080541  0.04824309 -0.00980572
 -0.04185725  0.01678467 -0.01576392  0.00202023  0.04119538  0.00359817
  0.00759307  0.03103176 -0.06042986  0.06286515 -0.02789161  0.0385951
 -0.03071535 -0.01062963 -0.0186639   0.0068263   0.06490187  0.06881122
 -0.01015317  0.03379598  0.06906077 -0.04380642  0.0266055   0.07030451
 -0.0530366  -0.05631565  0.07565044  0.02961543  0.06126134 -0.06556649
  0.00466327 -0.02635382]
Document 5 filtered vectors:
Word: IamMissing, Vector: [-1.53441331e-03 -2.39084605e-02 -3.74773680e-03  1.60826426e-02
  1.12534836e-02 -7.28083076e-03  2.95065474e-02  2.42240503e-02
 -2.33274046e-02  5.46237500e-03 -1.62464613e-03 -1.35888048e-02
  1.07374936e-02  2.00250242e-02 -1.30027160e-02 -1.10724503e-02
  6.02987316e-03  4.73978510e-03  4.88832686e-03 -3.05835959e-02
  9.68123227e-03 -2.07841173e-02  2.18795286e-03  2.20611971e-03
  1.95398498e-02 -1.33124059e-02 -9.82442778e-03 -1.35433534e-02
 -2.20700670e-02  1.27523690e-02  1.88859068e-02  1.44190397e-02
  8.56215134e-03  4.01325757e-03 -5.92675153e-03  1.49274198e-02
  8.23063124e-03 -1.94275454e-02 -9.71909333e-03 -4.06900533e-02
 -1.39569156e-02 -6.06453046e-03 -3.59553262e-03  1.79574769e-02
  3.28800790e-02 -1.36683043e-02 -2.23254887e-04 -1.91151574e-02
  7.07979826e-03  1.81646552e-02  6.67855889e-03 -8.65619909e-03
 -6.48083631e-03 -1.82914045e-02  7.73745868e-03 -1.30282324e-02
 -4.90111392e-03 -7.66542507e-03 -4.01236825e-02 -2.95531820e-03
 -2.50279438e-02 -1.53776174e-02  1.22188693e-02 -2.04191823e-02
 -6.15009591e-02 -4.81348904e-03  3.66749917e-03  4.96399477e-02
 -4.13866080e-02  4.13818136e-02 -4.79113124e-03  1.87725667e-02
  2.55748928e-02  2.68648867e-03  1.13728466e-02  1.33191375e-02
  2.12414935e-02 -2.30741575e-02 -3.13342921e-02  8.16452876e-03
 -8.87058303e-03 -1.62879881e-02 -1.36859110e-02  4.36163619e-02
 -2.65863687e-02 -1.01113599e-02  1.96591020e-03  2.67500095e-02
 -4.10578819e-03 -8.99740867e-03  3.03642601e-02  2.01213043e-02
  1.15738176e-02  1.45452432e-02  4.03189585e-02  2.71583144e-02
  8.46920442e-03  4.66067204e-03  3.00095808e-02  1.74141768e-02
 -1.70995332e-02  3.38835679e-02  6.58829231e-03 -9.42936691e-04
 -1.35975545e-02 -2.61823907e-02 -1.47318744e-04  2.49472447e-02
 -2.78313514e-02 -2.40920428e-02  2.41336133e-03 -2.11903825e-02
 -9.41658486e-03 -1.64510757e-02  5.03438991e-03 -1.42589118e-02
  3.38251069e-02 -5.18745482e-02 -1.54634975e-02 -4.54157516e-02
  8.16395227e-03  3.10897026e-02  1.65261663e-02 -4.50734422e-03
 -2.15365477e-02  2.05550320e-03 -2.25157384e-02  9.38764587e-03
 -2.40196530e-02  3.58265039e-04  8.30300432e-03  3.18230479e-04
 -2.25611683e-02 -1.63679086e-02 -1.24260271e-02  2.57751346e-02
 -5.78595325e-03 -1.90149993e-02 -1.56077547e-02 -3.84292682e-03
  1.60145201e-02 -1.88961234e-02 -8.93384591e-03 -4.01994213e-03
  1.01128093e-03 -7.28949904e-03 -7.79059017e-03  1.46447392e-02
  8.62306356e-03 -3.44768749e-03  1.70294009e-02 -1.50265209e-02
 -5.28057339e-03  1.48131037e-02 -3.28612253e-02  2.65427101e-02
  3.15195844e-02  2.27911491e-02  7.32768234e-03  1.18070571e-02
  5.19530324e-04  1.29027935e-02  1.23669988e-05 -6.22930611e-03
 -1.17769158e-02  2.01861989e-02  1.40407272e-02 -4.66254074e-03
 -1.27478922e-02  2.07782432e-04 -4.93261637e-03  3.25753051e-03
  1.06124496e-02 -1.09833025e-03  1.41549751e-03  5.67812426e-03
 -1.91600341e-02  2.29917653e-02 -1.05565209e-02  1.28612276e-02
 -8.11821036e-03 -4.45187977e-03 -7.89900310e-03  1.75646751e-03
  2.47186627e-02  2.82093380e-02 -5.61971869e-03  1.24061657e-02
  3.04141548e-02 -1.53147159e-02  1.21179800e-02  2.40815282e-02
 -1.83357280e-02 -1.87123008e-02  3.08053512e-02  5.46213239e-03
  2.68226471e-02 -2.72205882e-02  5.27554983e-03 -7.44616985e-03]
Document 6 filtered vectors:
Word: fibonacciLibrary, Vector: [ 0.00229108 -0.05521808 -0.01483553  0.04091998  0.02219211 -0.02125271
  0.07055289  0.05434135 -0.0495281   0.01548394 -0.00584255 -0.03965734
  0.01924008  0.0472248  -0.03610164 -0.0191442   0.00920774  0.00929337
  0.01234284 -0.07382925  0.03201979 -0.05830052  0.00574903  0.00095975
  0.05285065 -0.02643557 -0.03126875 -0.0373924  -0.04821826  0.03040633
  0.04464254  0.03510848  0.02234731  0.01894248 -0.01682888  0.03041888
  0.01842571 -0.04191121 -0.02314739 -0.09067369 -0.03219055 -0.01683906
 -0.01552348  0.04152862  0.07885484 -0.03519126 -0.00288126 -0.04307188
  0.0190687   0.04637563  0.00830138 -0.01230846 -0.02007755 -0.04059946
  0.01337403 -0.02359441 -0.01735312 -0.00842099 -0.09952333 -0.0068667
 -0.05602938 -0.04031951  0.03408154 -0.05394816 -0.14099085 -0.00638615
  0.0095613   0.11502697 -0.09823056  0.09924006 -0.00460649  0.04311537
  0.06151668  0.00136635  0.01821164  0.02762397  0.04919973 -0.06087393
 -0.0758476   0.01391858 -0.02125281 -0.03337049 -0.03381278  0.10822359
 -0.05780214 -0.02457554 -0.00062572  0.06278688 -0.00319762 -0.01653676
  0.07337796  0.05406087  0.02484287  0.027652    0.08853741  0.06014977
  0.026748    0.01417174  0.07530141  0.04150395 -0.04529713  0.07625166
  0.01712155  0.00059944 -0.02980069 -0.06762541 -0.00672876  0.05548439
 -0.06516079 -0.0522422   0.00115895 -0.04368156 -0.02625471 -0.04022389
  0.01134796 -0.03493367  0.08114879 -0.12265304 -0.03661602 -0.10445788
  0.02013069  0.06833383  0.04043586 -0.01679324 -0.06140435  0.00335961
 -0.05158296  0.02624263 -0.06020566  0.00560543  0.02013504  0.00641953
 -0.05309034 -0.0367001  -0.03211799  0.06685122 -0.00686834 -0.04599285
 -0.03392212 -0.01618518  0.04454549 -0.04711301 -0.01873528 -0.00832773
  0.00952683 -0.01256852 -0.01694758  0.02977128  0.01928582 -0.00930423
  0.04378453 -0.03593931 -0.0193031   0.03596094 -0.08346146  0.06720994
  0.06686313  0.05398138  0.01016811  0.03152357 -0.00227131  0.02476227
  0.00673386 -0.02012813 -0.02541985  0.05450907  0.04050861 -0.00798448
 -0.04153029  0.00627685 -0.01950655  0.00341308  0.02570553 -0.00456527
  0.00864572  0.02453299 -0.04847135  0.0561321  -0.02938384  0.03638363
 -0.02286482 -0.005846   -0.01961435  0.00782795  0.05675539  0.06408647
 -0.00812486  0.0264273   0.0690893  -0.03536044  0.02568047  0.06899977
 -0.04265739 -0.04947323  0.06749072  0.02409404  0.06104766 -0.05826954
  0.01345579 -0.02226377]
Word: start, Vector: [ 0.00306892 -0.07309639 -0.02122357  0.05290036  0.02622022 -0.02441266
  0.09638699  0.07663407 -0.06994086  0.01561714 -0.01200998 -0.05616353
  0.03252669  0.06793098 -0.05533675 -0.02324992  0.01554785  0.01239517
  0.0165816  -0.09306756  0.04275486 -0.08021608  0.00888807 -0.00515067
  0.07033633 -0.03420343 -0.03951681 -0.05444788 -0.06620922  0.04132292
  0.05480842  0.04887647  0.02504113  0.02541526 -0.01254988  0.04032129
  0.02336532 -0.05524786 -0.02645623 -0.12205491 -0.0384689  -0.02704703
 -0.02370328  0.0544664   0.11026923 -0.04433683 -0.00791237 -0.05767333
  0.02320706  0.06488091  0.01478321 -0.01814361 -0.03214774 -0.04995397
  0.02197893 -0.03264508 -0.02477434 -0.00898574 -0.13100092 -0.01508433
 -0.07214314 -0.05533665  0.04204616 -0.07459502 -0.18598449 -0.01681116
  0.01508647  0.15334418 -0.12696804  0.13743016 -0.00767549  0.0516323
  0.07872039 -0.00212914  0.02677978  0.04626226  0.06233341 -0.07474372
 -0.09763648  0.02019982 -0.0312563  -0.0491392  -0.04211374  0.15096605
 -0.07062617 -0.03244346 -0.0062994   0.08447699 -0.00219601 -0.02481197
  0.0944215   0.07849223  0.0367347   0.03904019  0.11845282  0.06780279
  0.03482316  0.02274645  0.10013358  0.05790879 -0.05409329  0.10382045
  0.01707604 -0.00231075 -0.04019665 -0.09256511 -0.01082202  0.07297932
 -0.0899032  -0.07093937  0.00155424 -0.06088952 -0.03321679 -0.0566734
  0.01048022 -0.04748756  0.10908347 -0.16599524 -0.04403529 -0.14087191
  0.0268534   0.08542887  0.04682523 -0.01690966 -0.08000845 -0.00260172
 -0.07009026  0.03111729 -0.0785824   0.00560623  0.0280807   0.00437422
 -0.07285857 -0.04745357 -0.04519024  0.08658826 -0.00601182 -0.06783216
 -0.04080983 -0.01924165  0.05848727 -0.06062934 -0.02861277 -0.01343616
  0.01073898 -0.01053848 -0.0197302   0.0425467   0.02577167 -0.01041373
  0.06422113 -0.05316071 -0.02941591  0.0476386  -0.11902603  0.09767223
  0.08475208  0.06801008  0.01541669  0.04651987 -0.0009726   0.03390034
  0.00270163 -0.01894559 -0.03274447  0.07004877  0.05015599 -0.00995529
 -0.04955583  0.00419064 -0.01983363  0.00925602  0.03436745 -0.01321867
  0.01073675  0.03033822 -0.07232259  0.07231324 -0.03748243  0.05558185
 -0.0277918  -0.01733711 -0.03290527  0.01641713  0.07355039  0.08938438
 -0.00653018  0.04008573  0.08618382 -0.05534994  0.02718879  0.09369946
 -0.06196683 -0.06522111  0.08647126  0.02390097  0.07838059 -0.07733299
  0.02292084 -0.03248507]
Document 7 filtered vectors:
Word: bonusCodes, Vector: [ 4.79198014e-03 -8.80900249e-02 -2.20340174e-02  7.22882524e-02
  4.14690636e-02 -3.66849862e-02  1.28021821e-01  9.20690373e-02
 -8.72839466e-02  2.50456743e-02 -1.22999484e-02 -6.73341081e-02
  3.72904688e-02  8.01730156e-02 -7.01894015e-02 -3.69343609e-02
  2.65545417e-02  1.71516389e-02  2.86030918e-02 -1.33577108e-01
  5.38793504e-02 -9.59145799e-02  1.85266249e-02  4.03084734e-04
  9.62156951e-02 -3.89751084e-02 -5.41290082e-02 -5.99588230e-02
 -7.79246539e-02  5.46719767e-02  7.16201589e-02  6.74828589e-02
  3.48463804e-02  3.21583599e-02 -1.90893859e-02  5.98911308e-02
  2.93345880e-02 -6.73291609e-02 -3.45701650e-02 -1.63665816e-01
 -5.41079342e-02 -2.61731464e-02 -2.93417573e-02  6.99819773e-02
  1.42249525e-01 -5.88229895e-02 -5.49082225e-03 -8.32477510e-02
  2.86373310e-02  7.70827085e-02  1.80641804e-02 -2.70028263e-02
 -3.78148369e-02 -6.60494938e-02  2.75306012e-02 -4.43667211e-02
 -2.59571169e-02 -1.19470833e-02 -1.77911222e-01 -1.22279236e-02
 -9.44993272e-02 -8.32425877e-02  5.33262901e-02 -9.41461101e-02
 -2.36343265e-01 -2.29850896e-02  1.28095830e-02  1.93858325e-01
 -1.70619413e-01  1.76235572e-01 -1.28968563e-02  7.60211498e-02
  9.92724821e-02  2.75237183e-03  3.63582447e-02  5.28907552e-02
  7.57580549e-02 -1.02088422e-01 -1.32236779e-01  3.40996608e-02
 -3.78682949e-02 -5.22235930e-02 -5.37943467e-02  1.94799364e-01
 -1.02874257e-01 -3.88956927e-02 -4.85433411e-05  1.12330325e-01
 -2.42783851e-03 -2.21075341e-02  1.28077447e-01  9.36115682e-02
  4.63573895e-02  4.87899855e-02  1.55381456e-01  1.02071188e-01
  3.53957564e-02  1.78866610e-02  1.31103650e-01  8.18586349e-02
 -7.61232153e-02  1.34026960e-01  2.18598843e-02 -2.96080066e-03
 -5.09093218e-02 -1.19346626e-01 -8.98720976e-03  1.01322308e-01
 -1.12544961e-01 -9.80517268e-02  9.90987569e-03 -7.86739141e-02
 -4.12949286e-02 -7.38395602e-02  1.14874206e-02 -6.29118979e-02
  1.32836565e-01 -2.22317204e-01 -6.28460422e-02 -1.83670223e-01
  3.32738012e-02  1.12556241e-01  7.23738670e-02 -2.22731475e-02
 -9.72153470e-02  7.19141029e-03 -9.13223401e-02  4.37302738e-02
 -1.06686488e-01  8.17254651e-03  3.29182819e-02  1.48841422e-02
 -9.44562927e-02 -6.01132438e-02 -5.26753664e-02  1.12688787e-01
 -1.13180522e-02 -8.60746503e-02 -5.37678003e-02 -2.27344558e-02
  7.87175894e-02 -8.88061374e-02 -3.66756842e-02 -1.83023717e-02
  1.41920568e-02 -1.51469698e-02 -2.68509313e-02  4.56608608e-02
  3.77676673e-02 -1.41400108e-02  8.03135484e-02 -6.98352009e-02
 -3.60786393e-02  6.77749291e-02 -1.48415372e-01  1.16504699e-01
  1.26071259e-01  9.87251550e-02  2.06039790e-02  5.05436026e-02
  4.80748480e-03  4.14634421e-02  1.41349025e-02 -3.28872837e-02
 -4.31801155e-02  9.19903070e-02  6.29571378e-02 -2.30706893e-02
 -7.00491667e-02  8.93507153e-03 -3.09337843e-02  1.57228112e-02
  4.54411358e-02 -1.39290495e-02  1.76511947e-02  3.07304747e-02
 -8.58476609e-02  9.08854753e-02 -3.74059416e-02  6.15000203e-02
 -4.60681282e-02 -1.36901140e-02 -3.42678428e-02  2.15627160e-02
  9.36405659e-02  1.11950830e-01 -1.45991445e-02  4.43405695e-02
  1.10493854e-01 -7.05255345e-02  3.71428281e-02  1.16075903e-01
 -7.14506730e-02 -7.89207295e-02  1.18290052e-01  3.54067497e-02
  1.08645946e-01 -9.88887846e-02  1.96615402e-02 -3.66896465e-02]
Document 8 filtered vectors:
Word: owners, Vector: [ 7.16884912e-04 -3.61071341e-02 -7.96063617e-03  2.56135836e-02
  1.89470015e-02 -2.74398327e-02  6.90645501e-02  5.76510318e-02
 -3.52167487e-02  2.06955639e-03  1.11752027e-03 -4.78668660e-02
  2.22000573e-02  3.39815617e-02 -3.50009687e-02 -1.36815272e-02
  1.80587005e-02  8.70070979e-03  4.14838269e-03 -7.32231587e-02
  3.24685276e-02 -4.45500351e-02  2.14278465e-03  8.33175378e-04
  3.54183055e-02 -2.34669037e-02 -2.23858654e-02 -4.66957837e-02
 -3.17875706e-02  2.12705899e-02  2.38618702e-02  3.30205597e-02
  1.93862114e-02  1.01830550e-02 -1.80512015e-02  2.16387417e-02
  2.92213894e-02 -4.11887281e-02 -1.53840408e-02 -6.89499229e-02
 -2.12415420e-02 -2.14984827e-02 -2.32660794e-03  2.63045002e-02
  8.24848041e-02 -2.34337617e-02 -4.99287620e-03 -4.17009480e-02
  2.61049215e-02  4.05872650e-02  6.25683926e-03 -1.85661844e-03
 -1.41106676e-02 -3.53275761e-02  1.59363952e-02 -2.63637025e-02
 -2.09073257e-03  6.43329113e-04 -7.79827833e-02 -2.35763309e-03
 -4.80146371e-02 -4.55846339e-02  3.47453691e-02 -4.16070111e-02
 -1.25178516e-01 -3.23408982e-03 -7.46809412e-03  9.24516022e-02
 -9.07288864e-02  9.05541033e-02 -8.48059077e-03  3.30127254e-02
  6.23720698e-02 -5.01168566e-03  1.88629515e-02  2.43940465e-02
  4.85983454e-02 -4.90304977e-02 -7.06134066e-02  1.98476072e-02
 -1.89429075e-02 -2.58874204e-02 -2.60790233e-02  9.26967412e-02
 -3.62771526e-02 -1.87529828e-02  2.54969136e-03  6.51655719e-02
 -4.40434051e-05 -1.51263224e-02  6.63767532e-02  4.55882736e-02
  2.86598857e-02  2.39935685e-02  8.37339610e-02  4.64146882e-02
  1.71510838e-02  1.42440423e-02  5.73269501e-02  4.49311845e-02
 -3.78257446e-02  7.14040026e-02  2.05205865e-02  1.26416620e-03
 -3.11549492e-02 -6.81428835e-02 -1.72600076e-02  4.83104438e-02
 -6.32080957e-02 -4.39072475e-02 -2.18696264e-03 -3.96247506e-02
 -2.05019861e-02 -3.50601040e-02  5.55564649e-04 -3.70476916e-02
  6.69337362e-02 -1.00316197e-01 -2.63031442e-02 -9.29156765e-02
  1.69770923e-02  6.64261654e-02  2.63663083e-02 -1.95759069e-02
 -5.74423224e-02 -4.50965762e-03 -4.90104482e-02  4.21730615e-02
 -5.75704575e-02  1.28332677e-03  2.00494435e-02  8.89239833e-03
 -4.76485156e-02 -3.07899248e-02 -2.97961254e-02  6.38715476e-02
  4.85818135e-03 -5.10972030e-02 -3.72467600e-02 -1.15468213e-02
  3.80043499e-02 -4.55618873e-02 -2.17727721e-02 -9.67498962e-03
  1.21185621e-02 -7.47161778e-03 -1.83732789e-02  1.90406535e-02
  2.52854023e-02 -2.11342704e-02  3.90377119e-02 -3.22752222e-02
 -1.81886610e-02  3.19042914e-02 -7.16404840e-02  5.68787977e-02
  6.38215095e-02  4.71401326e-02  1.29624000e-02  2.72051934e-02
  1.28974731e-04  2.63949241e-02  9.68931057e-03 -1.99660771e-02
 -1.49491960e-02  4.81661223e-02  2.74728350e-02 -1.00865634e-02
 -3.78533155e-02  2.10907194e-03 -2.51598954e-02  3.33533739e-03
  2.35929508e-02 -1.03362985e-02  1.93560459e-02  2.52943952e-02
 -4.31487523e-02  4.17797714e-02 -2.90440805e-02  3.40685584e-02
 -2.72710957e-02 -4.33865265e-04 -2.87945494e-02  2.25296896e-02
  3.66843529e-02  5.61648831e-02 -1.15715377e-02  2.12686248e-02
  6.79012835e-02 -1.88895557e-02  1.47651210e-02  6.44504055e-02
 -3.55855450e-02 -5.03785312e-02  5.53784333e-02  1.68551710e-02
  5.82120568e-02 -3.46498191e-02  1.48653034e-02 -1.66405868e-02]
Document 9 filtered vectors:
Word: missing, Vector: [ 1.41104509e-03 -2.32057180e-02 -6.45418651e-03  1.86377708e-02
  1.27651962e-02 -7.91030191e-03  3.28233913e-02  2.77988669e-02
 -2.81397626e-02  8.61397944e-03 -5.72136417e-03 -2.00969018e-02
  8.49069655e-03  2.11794022e-02 -2.06945073e-02 -1.08136619e-02
  5.14184404e-03  5.31361904e-03  8.56251456e-03 -3.77277136e-02
  1.32103367e-02 -3.04790344e-02  5.22518577e-03 -1.56532042e-03
  2.54122596e-02 -1.00416830e-02 -1.83902923e-02 -2.11181622e-02
 -2.32348237e-02  1.81104653e-02  1.84695199e-02  1.61741637e-02
  1.06658405e-02  7.66911451e-03 -1.02691166e-02  1.67939849e-02
  8.33736267e-03 -1.74228232e-02 -8.59849155e-03 -4.31578048e-02
 -1.38278464e-02 -9.13093798e-03 -5.80794225e-03  2.14695018e-02
  4.14295495e-02 -1.43438941e-02 -1.52480637e-03 -2.55740285e-02
  9.53697786e-03  2.28129718e-02  3.09513486e-03 -4.25437745e-03
 -1.15695158e-02 -2.17883959e-02  1.06514739e-02 -1.25043904e-02
 -7.62109878e-03 -3.54764867e-03 -4.65572178e-02 -6.38042158e-03
 -2.51286663e-02 -2.31467225e-02  1.54220723e-02 -3.05107310e-02
 -7.19410777e-02 -4.81971866e-03  2.24497193e-03  5.57672083e-02
 -5.22646122e-02  5.35324998e-02 -1.79015996e-03  1.93720032e-02
  2.73744110e-02 -2.07049004e-03  9.63440724e-03  1.72295067e-02
  2.20838375e-02 -2.58953292e-02 -4.17618454e-02  1.01795392e-02
 -1.33234989e-02 -1.63084287e-02 -1.57888494e-02  5.35083264e-02
 -2.78307274e-02 -1.39991455e-02 -4.63095530e-05  2.90706269e-02
 -2.38640956e-03 -8.62878840e-03  3.83164510e-02  2.50151381e-02
  1.27561213e-02  1.30885355e-02  4.50680405e-02  3.00230347e-02
  1.26843313e-02  6.49497332e-03  3.71433757e-02  2.01011952e-02
 -2.37492323e-02  3.65609303e-02  5.17799146e-03 -1.97648210e-03
 -1.47791971e-02 -3.26617733e-02 -3.46507365e-03  2.70195547e-02
 -3.40685211e-02 -3.01254708e-02 -2.27106997e-04 -2.50242185e-02
 -9.84701049e-03 -1.77270789e-02  3.59016145e-03 -2.10265089e-02
  3.61553691e-02 -6.46227598e-02 -1.91773046e-02 -5.41112572e-02
  8.06679484e-03  3.31669115e-02  2.23502871e-02 -6.51854649e-03
 -2.74740141e-02 -2.46166455e-04 -2.44230870e-02  1.30629921e-02
 -2.96621751e-02  3.52584687e-03  1.23755690e-02  2.98262946e-03
 -2.60237046e-02 -2.07386632e-02 -1.64721087e-02  3.36884558e-02
 -2.20438256e-03 -2.48803999e-02 -1.58584267e-02 -1.14668673e-02
  2.16015875e-02 -2.62643993e-02 -1.18250372e-02 -4.44730837e-03
  1.68445054e-03 -8.01242236e-03 -9.15212557e-03  1.19586959e-02
  7.65473302e-03 -5.32891136e-03  2.44938787e-02 -2.19726097e-02
 -9.06079449e-03  1.71882622e-02 -4.32248823e-02  3.39975692e-02
  3.70576121e-02  2.90245786e-02  1.96613488e-03  1.42218620e-02
 -1.37042708e-03  1.13941617e-02  1.42474927e-03 -9.23521537e-03
 -1.53232440e-02  2.73880549e-02  2.10500695e-02 -6.27479982e-03
 -1.87109187e-02  6.94417581e-03 -6.70297537e-03  4.92585404e-03
  1.34725189e-02 -5.16289938e-03  3.74306599e-03  1.09178871e-02
 -2.86228787e-02  2.81520896e-02 -1.65939890e-02  1.70508679e-02
 -1.53258527e-02 -4.64791292e-03 -1.01685226e-02  3.15711601e-03
  2.78830957e-02  3.55161689e-02 -8.86783877e-04  1.47400321e-02
  3.28700021e-02 -2.05436517e-02  8.13090801e-03  3.27627622e-02
 -1.86431110e-02 -2.71025766e-02  3.63713801e-02  8.39106273e-03
  2.75950059e-02 -3.21332477e-02  5.52808819e-03 -1.22024398e-02]
Document 10 filtered vectors:
Word: receiver, Vector: [ 5.32904686e-03 -3.83228026e-02 -8.58682208e-03  3.23486365e-02
  1.76674817e-02 -1.84698012e-02  5.45583554e-02  4.37042937e-02
 -4.10593115e-02  1.42070800e-02 -6.45123702e-03 -3.49777266e-02
  1.70571413e-02  3.77817377e-02 -2.74489895e-02 -1.95992999e-02
  9.71188024e-03  6.81511359e-03  8.70900229e-03 -6.26529530e-02
  2.35082917e-02 -4.53121550e-02  5.77469310e-03  2.44692573e-03
  3.96871902e-02 -2.02072132e-02 -2.34341063e-02 -2.96779927e-02
 -3.97009626e-02  2.83667687e-02  3.08895763e-02  2.58231945e-02
  1.75639037e-02  1.44501925e-02 -1.20507777e-02  2.86072157e-02
  1.57144722e-02 -3.34249660e-02 -1.77564938e-02 -7.59511963e-02
 -2.27765385e-02 -1.12464149e-02 -1.20355142e-02  3.39101553e-02
  6.43328950e-02 -2.45426483e-02 -4.43565985e-03 -3.71166356e-02
  1.89508609e-02  3.82864140e-02  6.43375143e-03 -1.21896612e-02
 -1.79811921e-02 -3.19551378e-02  1.30881574e-02 -1.82743296e-02
 -1.15635209e-02 -9.06795636e-03 -8.09760764e-02 -6.86350325e-03
 -4.16986346e-02 -3.21971439e-02  2.50755772e-02 -4.74524163e-02
 -1.14237316e-01 -8.95468798e-03  7.49493577e-03  8.94155279e-02
 -8.07819441e-02  7.94884712e-02 -8.07999820e-03  3.34569141e-02
  4.93571125e-02 -2.79701618e-03  1.44710159e-02  2.50782706e-02
  3.76277678e-02 -4.50732708e-02 -5.93763664e-02  1.27784200e-02
 -1.90100186e-02 -2.52106432e-02 -2.37111337e-02  8.54672715e-02
 -4.74508218e-02 -1.92128886e-02 -2.59164744e-03  4.95362766e-02
 -3.81657883e-04 -1.16841309e-02  5.59958518e-02  4.55141217e-02
  2.23296918e-02  2.32624300e-02  7.05337897e-02  4.82182764e-02
  1.68009326e-02  8.93907063e-03  5.77038117e-02  3.48667912e-02
 -3.72015983e-02  6.00148328e-02  1.04883937e-02 -3.13812029e-03
 -2.41042022e-02 -5.61602935e-02 -8.24871380e-03  4.53449674e-02
 -5.54542355e-02 -4.75370027e-02 -3.78833138e-05 -3.55700329e-02
 -1.91196278e-02 -3.07037979e-02  9.90063418e-03 -2.59426348e-02
  6.53145090e-02 -9.89601389e-02 -2.61408687e-02 -8.31025615e-02
  1.66342109e-02  5.53451627e-02  3.31256501e-02 -1.34798149e-02
 -4.78546359e-02  1.40803633e-04 -4.25637253e-02  2.36768350e-02
 -4.86302003e-02  4.77327406e-03  1.82142109e-02  1.53599726e-03
 -3.75678763e-02 -2.67648492e-02 -2.23637931e-02  5.49187772e-02
 -6.13482669e-03 -3.77232358e-02 -2.84876451e-02 -1.16478428e-02
  3.31721231e-02 -3.91875319e-02 -1.91350281e-02 -1.04600340e-02
  5.45031717e-03 -9.17328801e-03 -1.64397825e-02  2.21353043e-02
  1.49720469e-02 -7.61886453e-03  3.81119326e-02 -3.02746892e-02
 -1.66356005e-02  2.75984798e-02 -6.70839772e-02  5.40864579e-02
  5.48529923e-02  4.31298465e-02  5.48563292e-03  2.81832721e-02
  2.32957327e-03  1.66530851e-02  8.54232349e-03 -1.82801560e-02
 -1.93790346e-02  4.15944271e-02  3.14939097e-02 -7.26926373e-03
 -2.97242962e-02  5.75998239e-03 -1.31314797e-02  6.83877477e-03
  2.18879953e-02 -6.63287751e-03  1.07180811e-02  1.67046450e-02
 -4.26395126e-02  4.32005227e-02 -2.40162630e-02  2.75207795e-02
 -2.15131734e-02 -6.77257078e-03 -1.62398405e-02  6.05050614e-03
  4.13662046e-02  5.38577773e-02 -3.62933939e-03  1.96726155e-02
  5.52106351e-02 -2.76954528e-02  1.75360627e-02  4.94995266e-02
 -3.20786797e-02 -3.99077795e-02  5.60738966e-02  1.39700519e-02
  4.67474461e-02 -4.65732887e-02  1.15443133e-02 -1.83017608e-02]
Word: MyContract, Vector: [ 0.0046614  -0.03475906 -0.01190182  0.02670389  0.0185775  -0.01191508
  0.04554161  0.03827962 -0.03324749  0.00820552 -0.00605189 -0.02826127
  0.01378684  0.03053736 -0.02207303 -0.01443208  0.00626225  0.00564954
  0.00562777 -0.05305075  0.01927058 -0.0384003   0.0059496   0.00044267
  0.03574863 -0.01315307 -0.01765531 -0.02661182 -0.03093882  0.02226368
  0.0254088   0.02600147  0.01381705  0.01257422 -0.01102479  0.0198244
  0.01455826 -0.02535677 -0.01395292 -0.06214651 -0.01752377 -0.0144458
 -0.01078151  0.02730078  0.05413891 -0.01972829 -0.00031535 -0.02938697
  0.01244822  0.02925215  0.00526662 -0.00760627 -0.0174215  -0.0234231
  0.00973819 -0.01732608 -0.0122834  -0.00621877 -0.06594635 -0.00534428
 -0.03741245 -0.03114411  0.02181775 -0.03669569 -0.09474511 -0.00340559
  0.00598274  0.07115871 -0.06774013  0.06704437 -0.00433821  0.02682242
  0.04233653 -0.00249128  0.01264988  0.02112252  0.03377876 -0.03530994
 -0.05028078  0.00864079 -0.01522998 -0.02390486 -0.01806426  0.06982849
 -0.03821326 -0.01640811 -0.00466662  0.03972279 -0.00369473 -0.01006672
  0.04913537  0.03763705  0.0169928   0.01709248  0.06209303  0.03802597
  0.01697659  0.01065073  0.04821616  0.02656665 -0.03017619  0.04879877
  0.00903541 -0.00308797 -0.02271089 -0.04466389 -0.00342953  0.03675093
 -0.04581995 -0.0373431  -0.00043216 -0.02847067 -0.01383961 -0.0283347
  0.00537735 -0.02098472  0.05122069 -0.07932134 -0.0202567  -0.07043793
  0.01093572  0.04765062  0.02430731 -0.01109782 -0.04174237  0.00117717
 -0.03493645  0.01729221 -0.03956515  0.00330126  0.0170658   0.00544202
 -0.0337843  -0.02177496 -0.01954442  0.04669988 -0.00756581 -0.0301982
 -0.02348624 -0.00994919  0.0323684  -0.03513736 -0.01326737 -0.00419753
  0.00622714 -0.00836334 -0.01072669  0.0155017   0.01334221 -0.00843041
  0.0282179  -0.02749107 -0.01151862  0.0264934  -0.05709248  0.04725236
  0.04491044  0.03845363  0.00749383  0.01996251  0.00056079  0.01596572
  0.00256906 -0.01192945 -0.01896681  0.03538587  0.02512116 -0.00833527
 -0.02687205  0.00592287 -0.01032659  0.00277685  0.01610076 -0.00684896
  0.00485877  0.01194027 -0.03169985  0.03533794 -0.01713578  0.02270252
 -0.01466721 -0.00362973 -0.01375203  0.00864939  0.03641774  0.04469943
 -0.00463416  0.01791595  0.04672953 -0.0221007   0.01315134  0.04239662
 -0.02841326 -0.03089461  0.04603399  0.01049811  0.03988692 -0.03789501
  0.00688452 -0.01747015]
Document 11 filtered vectors:
Word: recipient, Vector: [ 0.001944   -0.05591326 -0.01459338  0.04419196  0.02298137 -0.02359904
  0.07311376  0.05744901 -0.05334747  0.01959864 -0.01165541 -0.04136657
  0.02610706  0.04935617 -0.03703817 -0.02280955  0.01413129  0.01433737
  0.01040856 -0.08610807  0.03387748 -0.06049675  0.01136017  0.00104082
  0.05727187 -0.02501173 -0.03456883 -0.04026143 -0.05298116  0.03341033
  0.04713571  0.04139546  0.02474863  0.01511894 -0.01931913  0.03437581
  0.02010564 -0.04202313 -0.02138678 -0.10298773 -0.03642074 -0.02194948
 -0.01603629  0.04126474  0.09170452 -0.03230884 -0.00452171 -0.05364918
  0.02140513  0.05188981  0.01276542 -0.01935367 -0.02817111 -0.04099956
  0.01743694 -0.02411356 -0.02255861 -0.00999814 -0.11140975 -0.00506643
 -0.05831074 -0.04482026  0.03906978 -0.06205921 -0.15115018 -0.00958071
  0.01106744  0.1225433  -0.11235679  0.11218762 -0.00504905  0.0460952
  0.06521861 -0.00337259  0.01947478  0.03360713  0.05094383 -0.06623374
 -0.08074616  0.01530436 -0.02130593 -0.0360586  -0.03210405  0.1223869
 -0.05897346 -0.02557734 -0.00278275  0.07103754 -0.00563984 -0.01345734
  0.07685717  0.05870156  0.0261719   0.03528056  0.09857845  0.06498168
  0.02591872  0.01378209  0.08217839  0.04598175 -0.05357052  0.08313004
  0.01307764  0.00302971 -0.03275068 -0.07679416 -0.00456805  0.06156564
 -0.0712879  -0.05823165  0.00574509 -0.04708873 -0.02738074 -0.04729506
  0.00956575 -0.03762633  0.08328202 -0.13323087 -0.03363557 -0.1101623
  0.01974162  0.07605448  0.04663856 -0.01320249 -0.06527591  0.00595809
 -0.05705942  0.03191086 -0.06969336  0.00389427  0.02595277  0.00748219
 -0.05660443 -0.04250888 -0.03004877  0.06980322 -0.01252003 -0.05576444
 -0.03578985 -0.01689609  0.04992507 -0.05049206 -0.02455285 -0.01533999
  0.01215586 -0.01431078 -0.02061773  0.03185328  0.02233702 -0.01209376
  0.05192165 -0.0455569  -0.01959613  0.04014677 -0.09788297  0.07344458
  0.07216221  0.05589733  0.01334276  0.0336218  -0.00189703  0.02320042
  0.00540944 -0.01730856 -0.03093022  0.05799015  0.04012468 -0.00702952
 -0.0452691   0.01004972 -0.02075559  0.00964903  0.02642784 -0.01080636
  0.01175906  0.02176555 -0.05501315  0.05800227 -0.02907197  0.03993194
 -0.02787305 -0.00914962 -0.02243183  0.01081975  0.06197688  0.06731241
 -0.00554075  0.02938443  0.07037793 -0.03688764  0.02316689  0.0744963
 -0.04289384 -0.05416853  0.07303588  0.02338299  0.062369   -0.06175039
  0.01360106 -0.02882449]
Document 12 filtered vectors:
Word: balances, Vector: [ 0.00059347 -0.06433421 -0.01891755  0.05315461  0.01853187 -0.01917717
  0.07205274  0.05960126 -0.05854514  0.02136079 -0.0110494  -0.04687433
  0.01503859  0.05375794 -0.0475923  -0.03249435  0.00755179  0.01615963
  0.01809985 -0.08376847  0.0412264  -0.06570804  0.01340123  0.00734736
  0.05809772 -0.02575612 -0.03142625 -0.03880094 -0.05168856  0.0396218
  0.04861541  0.04456027  0.03119884  0.01686772 -0.01159158  0.03709949
  0.0207998  -0.03539997 -0.0243094  -0.1044806  -0.03557336 -0.01836543
 -0.01764259  0.04543895  0.08522706 -0.03379428  0.00199643 -0.05899613
  0.02433888  0.0525038   0.01373218 -0.01146368 -0.01659515 -0.0503121
  0.01404355 -0.03094677 -0.02321128 -0.01385801 -0.12114418 -0.00600068
 -0.06132429 -0.04789728  0.03383567 -0.06963165 -0.15769298 -0.01583641
  0.01693792  0.13040242 -0.12067828  0.11990102 -0.00718391  0.04627328
  0.06023702  0.00182394  0.02276672  0.03489616  0.05362288 -0.05533154
 -0.08140258  0.01867107 -0.02733411 -0.03915705 -0.02296795  0.11691694
 -0.07229873 -0.03006087  0.00389646  0.06349441 -0.00699771 -0.01493066
  0.07651277  0.05246311  0.0263619   0.03581315  0.09827363  0.06527659
  0.0242089   0.00765767  0.07690816  0.05776735 -0.05924212  0.09201121
  0.00987659 -0.0046341  -0.0423036  -0.07982133 -0.01295014  0.06047086
 -0.08390632 -0.06964031  0.00756593 -0.0564011  -0.03645249 -0.04622349
  0.01330634 -0.04323535  0.09319704 -0.14671358 -0.03562489 -0.10900595
  0.01749117  0.07658318  0.05621555 -0.01188601 -0.06700403  0.01309886
 -0.06584632  0.02696223 -0.06415725  0.00499161  0.01784386 -0.0008526
 -0.05610223 -0.03756452 -0.0311437   0.07740116 -0.00946355 -0.04796752
 -0.03408604 -0.01941349  0.0482231  -0.06153043 -0.02237664 -0.00998796
  0.00730484 -0.01004483 -0.0152696   0.02846757  0.01759419 -0.00435577
  0.04412638 -0.04266171 -0.01067728  0.05078237 -0.08775249  0.07584131
  0.0779631   0.0563653   0.00544705  0.03371756  0.0036519   0.02136544
  0.00148589 -0.01634266 -0.02336528  0.06080541  0.04824309 -0.00980572
 -0.04185725  0.01678467 -0.01576392  0.00202023  0.04119538  0.00359817
  0.00759307  0.03103176 -0.06042986  0.06286515 -0.02789161  0.0385951
 -0.03071535 -0.01062963 -0.0186639   0.0068263   0.06490187  0.06881122
 -0.01015317  0.03379598  0.06906077 -0.04380642  0.0266055   0.07030451
 -0.0530366  -0.05631565  0.07565044  0.02961543  0.06126134 -0.06556649
  0.00466327 -0.02635382]
Document 13 filtered vectors:
Word: owners, Vector: [ 7.16884912e-04 -3.61071341e-02 -7.96063617e-03  2.56135836e-02
  1.89470015e-02 -2.74398327e-02  6.90645501e-02  5.76510318e-02
 -3.52167487e-02  2.06955639e-03  1.11752027e-03 -4.78668660e-02
  2.22000573e-02  3.39815617e-02 -3.50009687e-02 -1.36815272e-02
  1.80587005e-02  8.70070979e-03  4.14838269e-03 -7.32231587e-02
  3.24685276e-02 -4.45500351e-02  2.14278465e-03  8.33175378e-04
  3.54183055e-02 -2.34669037e-02 -2.23858654e-02 -4.66957837e-02
 -3.17875706e-02  2.12705899e-02  2.38618702e-02  3.30205597e-02
  1.93862114e-02  1.01830550e-02 -1.80512015e-02  2.16387417e-02
  2.92213894e-02 -4.11887281e-02 -1.53840408e-02 -6.89499229e-02
 -2.12415420e-02 -2.14984827e-02 -2.32660794e-03  2.63045002e-02
  8.24848041e-02 -2.34337617e-02 -4.99287620e-03 -4.17009480e-02
  2.61049215e-02  4.05872650e-02  6.25683926e-03 -1.85661844e-03
 -1.41106676e-02 -3.53275761e-02  1.59363952e-02 -2.63637025e-02
 -2.09073257e-03  6.43329113e-04 -7.79827833e-02 -2.35763309e-03
 -4.80146371e-02 -4.55846339e-02  3.47453691e-02 -4.16070111e-02
 -1.25178516e-01 -3.23408982e-03 -7.46809412e-03  9.24516022e-02
 -9.07288864e-02  9.05541033e-02 -8.48059077e-03  3.30127254e-02
  6.23720698e-02 -5.01168566e-03  1.88629515e-02  2.43940465e-02
  4.85983454e-02 -4.90304977e-02 -7.06134066e-02  1.98476072e-02
 -1.89429075e-02 -2.58874204e-02 -2.60790233e-02  9.26967412e-02
 -3.62771526e-02 -1.87529828e-02  2.54969136e-03  6.51655719e-02
 -4.40434051e-05 -1.51263224e-02  6.63767532e-02  4.55882736e-02
  2.86598857e-02  2.39935685e-02  8.37339610e-02  4.64146882e-02
  1.71510838e-02  1.42440423e-02  5.73269501e-02  4.49311845e-02
 -3.78257446e-02  7.14040026e-02  2.05205865e-02  1.26416620e-03
 -3.11549492e-02 -6.81428835e-02 -1.72600076e-02  4.83104438e-02
 -6.32080957e-02 -4.39072475e-02 -2.18696264e-03 -3.96247506e-02
 -2.05019861e-02 -3.50601040e-02  5.55564649e-04 -3.70476916e-02
  6.69337362e-02 -1.00316197e-01 -2.63031442e-02 -9.29156765e-02
  1.69770923e-02  6.64261654e-02  2.63663083e-02 -1.95759069e-02
 -5.74423224e-02 -4.50965762e-03 -4.90104482e-02  4.21730615e-02
 -5.75704575e-02  1.28332677e-03  2.00494435e-02  8.89239833e-03
 -4.76485156e-02 -3.07899248e-02 -2.97961254e-02  6.38715476e-02
  4.85818135e-03 -5.10972030e-02 -3.72467600e-02 -1.15468213e-02
  3.80043499e-02 -4.55618873e-02 -2.17727721e-02 -9.67498962e-03
  1.21185621e-02 -7.47161778e-03 -1.83732789e-02  1.90406535e-02
  2.52854023e-02 -2.11342704e-02  3.90377119e-02 -3.22752222e-02
 -1.81886610e-02  3.19042914e-02 -7.16404840e-02  5.68787977e-02
  6.38215095e-02  4.71401326e-02  1.29624000e-02  2.72051934e-02
  1.28974731e-04  2.63949241e-02  9.68931057e-03 -1.99660771e-02
 -1.49491960e-02  4.81661223e-02  2.74728350e-02 -1.00865634e-02
 -3.78533155e-02  2.10907194e-03 -2.51598954e-02  3.33533739e-03
  2.35929508e-02 -1.03362985e-02  1.93560459e-02  2.52943952e-02
 -4.31487523e-02  4.17797714e-02 -2.90440805e-02  3.40685584e-02
 -2.72710957e-02 -4.33865265e-04 -2.87945494e-02  2.25296896e-02
  3.66843529e-02  5.61648831e-02 -1.15715377e-02  2.12686248e-02
  6.79012835e-02 -1.88895557e-02  1.47651210e-02  6.44504055e-02
 -3.55855450e-02 -5.03785312e-02  5.53784333e-02  1.68551710e-02
  5.82120568e-02 -3.46498191e-02  1.48653034e-02 -1.66405868e-02]
Document 14 filtered vectors:
Word: Constructor, Vector: [ 0.00292174 -0.02789398 -0.00684146  0.02023636  0.01459658 -0.01269466
  0.04126696  0.02937047 -0.02624661  0.00879144 -0.00156055 -0.01881738
  0.014172    0.02743866 -0.01782597 -0.01452572  0.00333335  0.00401553
  0.00837869 -0.0401394   0.0174363  -0.0301995   0.00526535 -0.00311728
  0.02853134 -0.01358868 -0.01490788 -0.02001108 -0.0256439   0.02030667
  0.02154671  0.01736514  0.01037953  0.00721668 -0.00822845  0.01987934
  0.00956503 -0.02372994 -0.01316889 -0.05074809 -0.01913462 -0.00792073
 -0.00843503  0.01842415  0.04623391 -0.01933379 -0.00504143 -0.02849805
  0.01408076  0.02803544  0.00620766 -0.01049784 -0.01379547 -0.01821727
  0.0087791  -0.01554244 -0.00926956 -0.00448022 -0.05422137 -0.00456713
 -0.02700782 -0.02362334  0.01667474 -0.03233628 -0.07711424 -0.00386411
  0.00337759  0.06186787 -0.05384568  0.05769171 -0.00206666  0.02441578
  0.03602157  0.00138457  0.01433489  0.01826371  0.02386518 -0.03270702
 -0.04399338  0.00688501 -0.01470132 -0.01714397 -0.01675975  0.06043497
 -0.03028511 -0.01155136 -0.00401926  0.0339604   0.00174433 -0.01077651
  0.04114933  0.03200773  0.01603722  0.01254244  0.05283425  0.03155326
  0.01136662  0.00768544  0.03980025  0.02265073 -0.02329417  0.0414756
  0.00740587 -0.00330282 -0.01649556 -0.03953557 -0.00366582  0.03428299
 -0.03871984 -0.03348343 -0.00026926 -0.02324653 -0.0160822  -0.02378084
  0.00503385 -0.01773551  0.04596779 -0.06746325 -0.01597752 -0.05927923
  0.00880893  0.03840029  0.02525432 -0.00745539 -0.03393164 -0.00042498
 -0.0271451   0.0123268  -0.03379784  0.00109956  0.01591859  0.00151421
 -0.02720894 -0.02177154 -0.01792555  0.03927335 -0.00692462 -0.02578637
 -0.01780806 -0.00689889  0.02492734 -0.03005928 -0.01072263 -0.00573636
  0.00637237 -0.00344688 -0.01048302  0.01663644  0.00876157 -0.00255552
  0.02447749 -0.02454809 -0.01122785  0.02206077 -0.04864109  0.03954401
  0.03755165  0.02963192  0.0059671   0.0201588   0.00332065  0.01450702
  0.00669    -0.01066065 -0.01352664  0.02928735  0.02384457 -0.00679252
 -0.02293737  0.00276537 -0.01250493  0.00589903  0.01537507 -0.00299334
  0.00572281  0.01081809 -0.0307507   0.02777093 -0.01722441  0.0221379
 -0.0145093  -0.00368154 -0.01362486  0.00642929  0.03105034  0.03797184
 -0.00664684  0.01403016  0.03522561 -0.01788528  0.01212724  0.03547387
 -0.02527822 -0.02807603  0.03560804  0.01228928  0.03639403 -0.03256237
  0.00475981 -0.01405965]
Document 15 filtered vectors:
Word: Unprotected, Vector: [ 9.18009537e-05 -4.61437739e-02 -1.66752469e-02  4.16086167e-02
  2.51521412e-02 -2.02407409e-02  6.42310530e-02  5.23242764e-02
 -5.09023145e-02  1.27586601e-02 -5.70665207e-03 -4.01998051e-02
  1.74878240e-02  4.61784191e-02 -3.18313427e-02 -1.90461576e-02
  9.45507642e-03  9.31430049e-03  1.37768835e-02 -7.23197013e-02
  2.63988916e-02 -5.30212857e-02  9.30812955e-03  1.44949323e-03
  4.65616807e-02 -2.31841691e-02 -2.85797976e-02 -3.55471522e-02
 -4.68209796e-02  2.73726527e-02  3.83221321e-02  3.02668661e-02
  1.87995341e-02  1.35526434e-02 -1.36426305e-02  3.35057229e-02
  1.42665142e-02 -3.62047218e-02 -1.96184609e-02 -8.29560161e-02
 -2.64537167e-02 -1.61985960e-02 -1.91806648e-02  3.43086310e-02
  7.52904043e-02 -3.19430567e-02 -8.10059253e-03 -4.78859656e-02
  1.91005785e-02  4.01466973e-02  1.17432624e-02 -9.50037688e-03
 -2.35800520e-02 -3.95218842e-02  1.82260517e-02 -2.44908631e-02
 -1.44931963e-02 -1.03821382e-02 -9.76359919e-02 -6.48202421e-03
 -4.83928807e-02 -4.20942493e-02  3.56692076e-02 -5.69483824e-02
 -1.29703999e-01 -6.53839065e-03  6.43797684e-03  1.07880645e-01
 -1.00492872e-01  9.61325690e-02 -4.19760682e-03  4.32552621e-02
  5.77924438e-02  1.94854598e-04  2.25765668e-02  2.99139712e-02
  4.06709686e-02 -5.86350262e-02 -7.35016540e-02  1.92297567e-02
 -1.80483926e-02 -3.16960812e-02 -2.53959913e-02  1.00519732e-01
 -5.16127087e-02 -2.57483702e-02  1.12795341e-03  5.85519932e-02
 -1.69106375e-03 -1.46656055e-02  6.46491796e-02  5.63662723e-02
  2.56906878e-02  2.76608802e-02  8.43646154e-02  5.73430993e-02
  2.15211436e-02  1.19291348e-02  6.71784505e-02  4.36467156e-02
 -4.79158536e-02  7.10317865e-02  1.09921061e-02 -1.01652043e-03
 -2.61648018e-02 -6.59327284e-02 -8.36185180e-03  5.92643060e-02
 -5.95918894e-02 -5.50969541e-02  1.52181624e-03 -4.53142002e-02
 -2.19021346e-02 -4.37762849e-02  8.46154988e-03 -3.41687538e-02
  7.21923634e-02 -1.20201379e-01 -2.84569580e-02 -1.01493672e-01
  1.63657218e-02  6.80696145e-02  3.99073027e-02 -1.25086615e-02
 -5.65482304e-02  2.02151109e-03 -5.34083284e-02  2.60741021e-02
 -5.71930297e-02  5.57617703e-03  2.61295531e-02  5.62261278e-03
 -5.22490852e-02 -3.32528241e-02 -2.55657155e-02  6.00509495e-02
 -7.75855174e-03 -4.44756113e-02 -3.50616090e-02 -1.08913509e-02
  4.39280272e-02 -4.65459563e-02 -1.82359703e-02 -8.66114162e-03
  1.01801511e-02 -8.56372621e-03 -1.53876329e-02  3.02751530e-02
  1.64389517e-02 -5.82791725e-03  4.76585813e-02 -4.03374732e-02
 -1.89467184e-02  3.15964930e-02 -7.88937062e-02  6.63137138e-02
  6.47616088e-02  5.42288572e-02  8.65752250e-03  3.05538382e-02
  3.07022454e-03  2.35948171e-02  1.14186574e-02 -1.77487377e-02
 -2.76893321e-02  4.92828153e-02  3.93941477e-02 -7.20783928e-03
 -4.06126864e-02  7.06707407e-03 -1.87270790e-02  3.54884192e-03
  2.33350303e-02 -6.99971057e-03  1.08186053e-02  2.03149002e-02
 -4.50065732e-02  5.01213148e-02 -2.29649432e-02  3.55888270e-02
 -2.17976123e-02 -7.30763376e-03 -2.17941739e-02  8.09190888e-03
  5.24983890e-02  5.83000369e-02 -9.21797007e-03  3.02443430e-02
  6.74057230e-02 -3.51012610e-02  2.01802943e-02  6.28653839e-02
 -4.10590284e-02 -4.44260761e-02  6.39201179e-02  2.23811492e-02
  5.64078651e-02 -5.55002801e-02  1.02369478e-02 -1.82576291e-02]
Document 16 filtered vectors:
Word: root, Vector: [ 0.00345665 -0.05281108 -0.0196506   0.04518709  0.02297458 -0.02374436
  0.07362887  0.06304775 -0.05391546  0.01653272 -0.00680684 -0.04668669
  0.02491763  0.05008447 -0.04522202 -0.02534829  0.01878113  0.00961935
  0.01103321 -0.08702651  0.03669578 -0.05531306  0.00650417  0.00450793
  0.05403444 -0.02907732 -0.02962901 -0.03882363 -0.04872261  0.03430273
  0.04484671  0.03961017  0.02021305  0.02118955 -0.01453957  0.03293224
  0.02581351 -0.04219549 -0.02212401 -0.09143122 -0.03051646 -0.01997135
 -0.01407228  0.03878355  0.09187804 -0.03156258  0.00022432 -0.04650542
  0.02674429  0.04967211  0.00706392 -0.0114559  -0.02119041 -0.04248229
  0.01748651 -0.02903188 -0.01749301 -0.00729365 -0.10581429 -0.00433268
 -0.05885247 -0.04692435  0.03629345 -0.06001353 -0.14877109 -0.00808886
  0.00389094  0.12126266 -0.10604348  0.1086579  -0.01054054  0.040327
  0.06020078 -0.00387685  0.02175212  0.03481359  0.05259233 -0.05768569
 -0.08458585  0.01697195 -0.02710271 -0.03684342 -0.03539485  0.11955719
 -0.05961161 -0.02474655 -0.00088679  0.06790878  0.00051139 -0.01983389
  0.07219145  0.05724651  0.02981297  0.03215961  0.09749836  0.06428006
  0.02765758  0.01245304  0.07432152  0.04945911 -0.05388915  0.08826354
  0.01335372  0.0034713  -0.03908764 -0.07283822 -0.00803009  0.06367119
 -0.0755016  -0.0585747   0.00083988 -0.04729514 -0.02745965 -0.04545827
  0.00420043 -0.03725956  0.08483295 -0.13704051 -0.03611565 -0.10587903
  0.0138689   0.07508802  0.04776751 -0.01992322 -0.0614753   0.0052143
 -0.06323257  0.03368722 -0.06341819  0.00646074  0.0238569   0.00700166
 -0.054031   -0.04305613 -0.03247384  0.06846082 -0.00883395 -0.05518157
 -0.03080592 -0.02041738  0.04887726 -0.05659905 -0.02355546 -0.00976555
  0.00714533 -0.01145771 -0.02122962  0.02885445  0.01965445 -0.01313709
  0.04949921 -0.03949516 -0.01916263  0.0359293  -0.08932589  0.07300313
  0.07614282  0.05784682  0.01469622  0.03733208  0.00460256  0.0293966
  0.01115001 -0.01802883 -0.03017973  0.05601691  0.03603924 -0.00811024
 -0.0432637   0.0073482  -0.02476     0.00422993  0.03296749 -0.00309636
  0.01688514  0.02589643 -0.0515489   0.05631874 -0.02691802  0.04414605
 -0.02555239 -0.00460351 -0.01944451  0.01572626  0.0548671   0.0694425
 -0.00893746  0.03014159  0.07108209 -0.03818561  0.02596219  0.07066264
 -0.04888326 -0.05376415  0.07265209  0.02098873  0.06402893 -0.06219471
  0.0088074  -0.02757821]
Word: owners, Vector: [ 7.16884912e-04 -3.61071341e-02 -7.96063617e-03  2.56135836e-02
  1.89470015e-02 -2.74398327e-02  6.90645501e-02  5.76510318e-02
 -3.52167487e-02  2.06955639e-03  1.11752027e-03 -4.78668660e-02
  2.22000573e-02  3.39815617e-02 -3.50009687e-02 -1.36815272e-02
  1.80587005e-02  8.70070979e-03  4.14838269e-03 -7.32231587e-02
  3.24685276e-02 -4.45500351e-02  2.14278465e-03  8.33175378e-04
  3.54183055e-02 -2.34669037e-02 -2.23858654e-02 -4.66957837e-02
 -3.17875706e-02  2.12705899e-02  2.38618702e-02  3.30205597e-02
  1.93862114e-02  1.01830550e-02 -1.80512015e-02  2.16387417e-02
  2.92213894e-02 -4.11887281e-02 -1.53840408e-02 -6.89499229e-02
 -2.12415420e-02 -2.14984827e-02 -2.32660794e-03  2.63045002e-02
  8.24848041e-02 -2.34337617e-02 -4.99287620e-03 -4.17009480e-02
  2.61049215e-02  4.05872650e-02  6.25683926e-03 -1.85661844e-03
 -1.41106676e-02 -3.53275761e-02  1.59363952e-02 -2.63637025e-02
 -2.09073257e-03  6.43329113e-04 -7.79827833e-02 -2.35763309e-03
 -4.80146371e-02 -4.55846339e-02  3.47453691e-02 -4.16070111e-02
 -1.25178516e-01 -3.23408982e-03 -7.46809412e-03  9.24516022e-02
 -9.07288864e-02  9.05541033e-02 -8.48059077e-03  3.30127254e-02
  6.23720698e-02 -5.01168566e-03  1.88629515e-02  2.43940465e-02
  4.85983454e-02 -4.90304977e-02 -7.06134066e-02  1.98476072e-02
 -1.89429075e-02 -2.58874204e-02 -2.60790233e-02  9.26967412e-02
 -3.62771526e-02 -1.87529828e-02  2.54969136e-03  6.51655719e-02
 -4.40434051e-05 -1.51263224e-02  6.63767532e-02  4.55882736e-02
  2.86598857e-02  2.39935685e-02  8.37339610e-02  4.64146882e-02
  1.71510838e-02  1.42440423e-02  5.73269501e-02  4.49311845e-02
 -3.78257446e-02  7.14040026e-02  2.05205865e-02  1.26416620e-03
 -3.11549492e-02 -6.81428835e-02 -1.72600076e-02  4.83104438e-02
 -6.32080957e-02 -4.39072475e-02 -2.18696264e-03 -3.96247506e-02
 -2.05019861e-02 -3.50601040e-02  5.55564649e-04 -3.70476916e-02
  6.69337362e-02 -1.00316197e-01 -2.63031442e-02 -9.29156765e-02
  1.69770923e-02  6.64261654e-02  2.63663083e-02 -1.95759069e-02
 -5.74423224e-02 -4.50965762e-03 -4.90104482e-02  4.21730615e-02
 -5.75704575e-02  1.28332677e-03  2.00494435e-02  8.89239833e-03
 -4.76485156e-02 -3.07899248e-02 -2.97961254e-02  6.38715476e-02
  4.85818135e-03 -5.10972030e-02 -3.72467600e-02 -1.15468213e-02
  3.80043499e-02 -4.55618873e-02 -2.17727721e-02 -9.67498962e-03
  1.21185621e-02 -7.47161778e-03 -1.83732789e-02  1.90406535e-02
  2.52854023e-02 -2.11342704e-02  3.90377119e-02 -3.22752222e-02
 -1.81886610e-02  3.19042914e-02 -7.16404840e-02  5.68787977e-02
  6.38215095e-02  4.71401326e-02  1.29624000e-02  2.72051934e-02
  1.28974731e-04  2.63949241e-02  9.68931057e-03 -1.99660771e-02
 -1.49491960e-02  4.81661223e-02  2.74728350e-02 -1.00865634e-02
 -3.78533155e-02  2.10907194e-03 -2.51598954e-02  3.33533739e-03
  2.35929508e-02 -1.03362985e-02  1.93560459e-02  2.52943952e-02
 -4.31487523e-02  4.17797714e-02 -2.90440805e-02  3.40685584e-02
 -2.72710957e-02 -4.33865265e-04 -2.87945494e-02  2.25296896e-02
  3.66843529e-02  5.61648831e-02 -1.15715377e-02  2.12686248e-02
  6.79012835e-02 -1.88895557e-02  1.47651210e-02  6.44504055e-02
 -3.55855450e-02 -5.03785312e-02  5.53784333e-02  1.68551710e-02
  5.82120568e-02 -3.46498191e-02  1.48653034e-02 -1.66405868e-02]
Document 17 filtered vectors:
Word: balances, Vector: [ 0.00059347 -0.06433421 -0.01891755  0.05315461  0.01853187 -0.01917717
  0.07205274  0.05960126 -0.05854514  0.02136079 -0.0110494  -0.04687433
  0.01503859  0.05375794 -0.0475923  -0.03249435  0.00755179  0.01615963
  0.01809985 -0.08376847  0.0412264  -0.06570804  0.01340123  0.00734736
  0.05809772 -0.02575612 -0.03142625 -0.03880094 -0.05168856  0.0396218
  0.04861541  0.04456027  0.03119884  0.01686772 -0.01159158  0.03709949
  0.0207998  -0.03539997 -0.0243094  -0.1044806  -0.03557336 -0.01836543
 -0.01764259  0.04543895  0.08522706 -0.03379428  0.00199643 -0.05899613
  0.02433888  0.0525038   0.01373218 -0.01146368 -0.01659515 -0.0503121
  0.01404355 -0.03094677 -0.02321128 -0.01385801 -0.12114418 -0.00600068
 -0.06132429 -0.04789728  0.03383567 -0.06963165 -0.15769298 -0.01583641
  0.01693792  0.13040242 -0.12067828  0.11990102 -0.00718391  0.04627328
  0.06023702  0.00182394  0.02276672  0.03489616  0.05362288 -0.05533154
 -0.08140258  0.01867107 -0.02733411 -0.03915705 -0.02296795  0.11691694
 -0.07229873 -0.03006087  0.00389646  0.06349441 -0.00699771 -0.01493066
  0.07651277  0.05246311  0.0263619   0.03581315  0.09827363  0.06527659
  0.0242089   0.00765767  0.07690816  0.05776735 -0.05924212  0.09201121
  0.00987659 -0.0046341  -0.0423036  -0.07982133 -0.01295014  0.06047086
 -0.08390632 -0.06964031  0.00756593 -0.0564011  -0.03645249 -0.04622349
  0.01330634 -0.04323535  0.09319704 -0.14671358 -0.03562489 -0.10900595
  0.01749117  0.07658318  0.05621555 -0.01188601 -0.06700403  0.01309886
 -0.06584632  0.02696223 -0.06415725  0.00499161  0.01784386 -0.0008526
 -0.05610223 -0.03756452 -0.0311437   0.07740116 -0.00946355 -0.04796752
 -0.03408604 -0.01941349  0.0482231  -0.06153043 -0.02237664 -0.00998796
  0.00730484 -0.01004483 -0.0152696   0.02846757  0.01759419 -0.00435577
  0.04412638 -0.04266171 -0.01067728  0.05078237 -0.08775249  0.07584131
  0.0779631   0.0563653   0.00544705  0.03371756  0.0036519   0.02136544
  0.00148589 -0.01634266 -0.02336528  0.06080541  0.04824309 -0.00980572
 -0.04185725  0.01678467 -0.01576392  0.00202023  0.04119538  0.00359817
  0.00759307  0.03103176 -0.06042986  0.06286515 -0.02789161  0.0385951
 -0.03071535 -0.01062963 -0.0186639   0.0068263   0.06490187  0.06881122
 -0.01015317  0.03379598  0.06906077 -0.04380642  0.0266055   0.07030451
 -0.0530366  -0.05631565  0.07565044  0.02961543  0.06126134 -0.06556649
  0.00466327 -0.02635382]
Document 18 filtered vectors:
No words meeting TF-IDF threshold for Document 18, using zero vector.

Length of word_vector_tfidf: 18

Words with TF-IDF score > 0.5 (sorted by score):
Word: bonusCodes, Score: 0.8665079043950259
Word: Unprotected, Score: 0.8343924696969348
Word: balances, Score: 0.7969958854344865
Word: recipient, Score: 0.7484484619599506
Word: callee, Score: 0.7293767853931498
Word: key, Score: 0.7236284211567406
Word: missing, Score: 0.6644821059398208
Word: Constructor, Score: 0.6644821059398208
Word: IamMissing, Score: 0.6644821059398207
Word: root, Score: 0.630529267412192
Word: SimpleSuicide, Score: 0.6227336730772709
Word: sudicideAnyone, Score: 0.6227336730772709
Word: map, Score: 0.6030236842972839
Word: MyContract, Score: 0.5927954720663925
Word: receiver, Score: 0.5927954720663925
Word: start, Score: 0.5863955589739412
Word: owners, Score: 0.5472166323915947
Word: fibonacciLibrary, Score: 0.5026247648348068
